_______________________________________________________
[0.0 0.0 0.0 0.0 0.0 0.0 0.0 0.0 0.0 0.0 ]
[0.0 0.0 0.0 0.0 0.0 0.0 -1.0 0.0 0.0 0.0 ]
[0.0 0.0 0.0 0.0 0.0 0.0 0.0 0.0 0.0 0.0 ]
[0.0 0.0 0.0 0.0 0.0 0.0 0.0 0.0 0.0 0.0 ]
[0.0 0.0 0.0 0.0 0.0 0.0 -1.0 0.0 0.0 0.0 ]
[0.0 0.0 0.0 0.0 0.0 0.0 0.0 0.0 0.0 0.0 ]
[0.0 0.0 0.0 0.0 0.0 0.0 0.0 0.0 0.0 0.0 ]
[0.0 0.0 0.0 0.0 0.0 0.0 0.0 0.0 0.0 0.0 ]
[0.0 0.0 0.0 0.0 0.0 0.0 0.0 0.0 0.0 0.0 ]
[0.0 0.0 0.0 0.0 0.0 0.0 -1.0 0.0 0.0 0.0 ]
_______________________________________________________
[0.0 0.0 0.0 0.0 0.0 0.0 0.0 0.0 0.0 0.0 ]
[0.0 0.0 0.0 0.0 0.0 -1.0 0.0 0.0 0.0 0.0 ]
[0.0 0.0 0.0 0.0 0.0 -1.0 0.0 0.0 0.0 0.0 ]
[0.0 0.0 0.0 0.0 0.0 0.0 0.0 0.0 0.0 0.0 ]
[0.0 0.0 0.0 0.0 0.0 0.0 0.0 0.0 0.0 0.0 ]
[0.0 0.0 0.0 0.0 0.0 -1.0 0.0 0.0 0.0 0.0 ]
[0.0 0.0 0.0 0.0 0.0 0.0 0.0 0.0 0.0 0.0 ]
[0.0 0.0 0.0 0.0 0.0 0.0 0.0 0.0 0.0 0.0 ]
[0.0 0.0 0.0 0.0 0.0 0.0 0.0 0.0 0.0 0.0 ]
[0.0 0.0 0.0 0.0 0.0 -1.0 0.0 0.0 0.0 0.0 ]
_______________________________________________________
[0.0 0.0 -1.0 0.0 0.0 0.0 0.0 0.0 0.0 0.0 ]
[0.0 0.0 0.0 0.0 0.0 0.0 0.0 0.0 0.0 0.0 ]
[0.0 0.0 0.0 0.0 0.0 0.0 0.0 0.0 0.0 0.0 ]
[0.0 0.0 0.0 0.0 0.0 0.0 0.0 0.0 0.0 0.0 ]
[0.0 0.0 0.0 0.0 0.0 0.0 0.0 0.0 0.0 0.0 ]
[0.0 0.0 1.0 0.0 0.0 0.0 0.0 0.0 0.0 0.0 ]
[0.0 0.0 0.0 0.0 0.0 0.0 0.0 0.0 0.0 0.0 ]
[0.0 0.0 0.0 0.0 0.0 0.0 0.0 0.0 0.0 0.0 ]
[0.0 0.0 -1.0 0.0 0.0 0.0 0.0 0.0 0.0 0.0 ]
[0.0 0.0 0.0 0.0 0.0 0.0 0.0 0.0 0.0 0.0 ]
_______________________________________________________
[0.0 0.0 0.0 0.0 0.0 0.0 0.0 0.0 0.0 0.0 ]
[0.0 0.0 0.0 1.0 0.0 0.0 0.0 0.0 0.0 0.0 ]
[0.0 0.0 1.0 0.0 0.0 0.0 0.0 0.0 0.0 0.0 ]
[0.0 0.0 0.0 0.0 0.0 0.0 0.0 0.0 0.0 0.0 ]
[0.0 0.0 0.0 0.0 0.0 0.0 0.0 0.0 0.0 0.0 ]
[0.0 0.0 0.0 0.0 0.0 1.0 0.0 0.0 0.0 0.0 ]
[0.0 0.0 0.0 0.0 0.0 0.0 0.0 0.0 0.0 0.0 ]
[0.0 1.0 0.0 0.0 0.0 0.0 0.0 0.0 0.0 1.0 ]
[0.0 0.0 0.0 0.0 0.0 0.0 0.0 0.0 0.0 0.0 ]
[0.0 0.0 0.0 1.0 0.0 0.0 0.0 0.0 0.0 0.0 ]
_______________________________________________________
[0.0 0.0 1.0 0.0 0.0 0.0 0.0 0.0 0.0 0.0 ]
[0.0 0.0 0.0 0.0 0.0 0.0 0.0 0.0 0.0 0.0 ]
[0.0 0.0 0.0 0.0 0.0 0.0 0.0 0.0 0.0 0.0 ]
[0.0 0.0 0.0 0.0 0.0 0.0 0.0 0.0 0.0 0.0 ]
[0.0 0.0 0.0 0.0 0.0 0.0 0.0 0.0 0.0 0.0 ]
[0.0 0.0 0.0 0.0 0.0 0.0 0.0 0.0 0.0 0.0 ]
[0.0 0.0 0.0 0.0 0.0 0.0 0.0 0.0 0.0 0.0 ]
[0.0 0.0 0.0 0.0 0.0 0.0 0.0 0.0 0.0 0.0 ]
[0.0 0.0 1.0 0.0 0.0 0.0 0.0 0.0 0.0 0.0 ]
[0.0 0.0 0.0 0.0 0.0 0.0 0.0 0.0 0.0 0.0 ]
_______________________________________________________
[0.0 0.0 0.0 0.0 0.0 0.0 0.0 0.0 0.0 0.0 ]
[0.0 0.0 0.0 0.0 0.0 0.0 0.0 0.0 0.0 0.0 ]
[0.0 0.0 0.0 0.0 0.0 0.0 0.0 0.0 0.0 0.0 ]
[0.0 0.0 0.0 0.0 0.0 0.0 0.0 0.0 0.0 0.0 ]
[0.0 -1.0 0.0 0.0 0.0 0.0 0.0 0.0 0.0 -1.0 ]
[0.0 0.0 0.0 0.0 0.0 0.0 0.0 0.0 0.0 0.0 ]
[0.0 0.0 0.0 0.0 0.0 0.0 0.0 0.0 0.0 0.0 ]
[0.0 0.0 0.0 0.0 0.0 0.0 0.0 0.0 0.0 0.0 ]
[0.0 0.0 0.0 0.0 0.0 0.0 0.0 0.0 0.0 0.0 ]
[0.0 0.0 0.0 0.0 0.0 0.0 0.0 0.0 0.0 0.0 ]
_______________________________________________________
[0.0 0.0 -1.0 0.0 0.0 0.0 0.0 0.0 0.0 0.0 ]
[0.0 0.0 0.0 0.0 0.0 0.0 0.0 0.0 0.0 0.0 ]
[0.0 -1.0 0.0 0.0 0.0 0.0 0.0 0.0 0.0 -1.0 ]
[0.0 0.0 0.0 0.0 0.0 0.0 0.0 0.0 0.0 0.0 ]
[0.0 0.0 0.0 0.0 0.0 0.0 0.0 0.0 0.0 0.0 ]
[0.0 0.0 0.0 0.0 0.0 0.0 0.0 0.0 0.0 0.0 ]
[0.0 0.0 0.0 0.0 1.0 0.0 0.0 0.0 0.0 0.0 ]
[0.0 0.0 0.0 0.0 0.0 0.0 0.0 0.0 0.0 0.0 ]
[0.0 0.0 -1.0 0.0 0.0 0.0 0.0 0.0 0.0 0.0 ]
[0.0 0.0 0.0 0.0 0.0 0.0 0.0 0.0 0.0 0.0 ]
_______________________________________________________
[0.0 0.0 1.0 0.0 0.0 0.0 0.0 0.0 0.0 0.0 ]
[0.0 0.0 0.0 0.0 0.0 0.0 0.0 0.0 0.0 0.0 ]
[0.0 0.0 0.0 0.0 0.0 0.0 0.0 0.0 0.0 0.0 ]
[0.0 0.0 0.0 0.0 1.0 0.0 0.0 0.0 0.0 0.0 ]
[0.0 0.0 0.0 0.0 0.0 0.0 0.0 0.0 0.0 0.0 ]
[0.0 0.0 0.0 0.0 0.0 0.0 0.0 1.0 0.0 0.0 ]
[0.0 0.0 0.0 0.0 0.0 0.0 0.0 -1.0 0.0 0.0 ]
[0.0 0.0 0.0 0.0 0.0 0.0 0.0 0.0 0.0 0.0 ]
[0.0 0.0 1.0 0.0 0.0 0.0 0.0 0.0 0.0 0.0 ]
[0.0 0.0 0.0 0.0 0.0 0.0 0.0 0.0 0.0 0.0 ]
_______________________________________________________
[0.0 0.0 0.0 0.0 0.0 0.0 0.0 0.0 0.0 0.0 ]
[0.0 0.0 0.0 0.0 0.0 0.0 -1.0 0.0 0.0 0.0 ]
[0.0 0.0 0.0 0.0 0.0 0.0 0.0 0.0 0.0 0.0 ]
[0.0 0.0 0.0 0.0 0.0 0.0 0.0 0.0 0.0 0.0 ]
[0.0 0.0 0.0 0.0 0.0 0.0 -1.0 0.0 0.0 0.0 ]
[0.0 0.0 0.0 0.0 0.0 0.0 0.0 0.0 0.0 0.0 ]
[0.0 0.0 0.0 0.0 0.0 0.0 0.0 0.0 0.0 0.0 ]
[0.0 0.0 0.0 0.0 0.0 0.0 0.0 0.0 0.0 0.0 ]
[0.0 0.0 0.0 0.0 0.0 0.0 0.0 0.0 0.0 0.0 ]
[0.0 0.0 0.0 0.0 0.0 0.0 -1.0 0.0 0.0 0.0 ]
_______________________________________________________
[0.0 0.0 0.0 0.0 0.0 0.0 0.0 0.0 0.0 0.0 ]
[0.0 0.0 0.0 0.0 0.0 -1.0 0.0 0.0 0.0 0.0 ]
[0.0 0.0 0.0 0.0 0.0 -1.0 0.0 0.0 0.0 0.0 ]
[0.0 0.0 0.0 0.0 0.0 0.0 0.0 0.0 0.0 0.0 ]
[0.0 0.0 0.0 0.0 0.0 0.0 0.0 0.0 0.0 0.0 ]
[0.0 0.0 0.0 0.0 0.0 -1.0 0.0 0.0 0.0 0.0 ]
[0.0 0.0 0.0 0.0 0.0 0.0 0.0 0.0 0.0 0.0 ]
[0.0 0.0 0.0 0.0 0.0 0.0 0.0 0.0 0.0 0.0 ]
[0.0 0.0 0.0 0.0 0.0 0.0 0.0 0.0 0.0 0.0 ]
[0.0 0.0 0.0 0.0 0.0 -1.0 0.0 0.0 0.0 0.0 ]
